205 82 6028 5 8 2 84 6 2 6 347 234 8 44 147 8 55 23 6 4523 3463 3572
205 82 6028 5 8 2 84 6 2 6 347 234 8 44 147 8 55 23 6 4523 3463 3572
205 82 6028 5 8 2 84 6 2 6 347 234 8 44 147 8 55 23 6 4523 3463 3572
205 82 6028 5 8 2 84 6 2 6 347 234 8 44 147 8 55 23 6 4523 3463 3572
205 82 6028 5 8 2 84 6 2 6 347 234 8 44 147 8 55 23 6 4523 3463 3572
205 82 6028 5 8 2 84 6 2 6 347 234 8 44 147 8 55 23 6 4523 3463 3572
205 82 6028 5 8 2 84 6 2 6 347 234 8 44 147 8 55 23 6 4523 3463 3572
205 82 6028 5 8 2 84 6 2 6 347 234 8 44 147 8 55 23 6 4523 3463 3572
205 82 6028 5 8 2 84 6 2 6 347 234 8 44 147 8 55 23 6 4523 3463 3572
205 82 6028 5 8 2 84 6 2 6 347 234 8 44 147 8 55 23 6 4523 3463 3572
205 82 6028 5 8 2 84 6 2 6 347 234 8 44 147 8 55 23 6 4523 3463 3572
205 82 6028 5 8 2 84 6 2 6 347 234 8 44 147 8 55 23 6 4523 3463 3572
205 82 6028 5 8 2 84 6 2 6 347 234 8 44 147 8 55 23 6 4523 3463 3572
205 82 6028 5 8 2 84 6 2 6 347 234 8 44 147 8 55 23 6 4523 3463 3572
205 82 6028 5 8 2 84 6 2 6 347 234 8 44 147 8 55 23 6 4523 3463 3572
205 82 6028 5 8 2 84 6 2 6 347 234 8 44 147 8 55 23 6 4523 3463 3572
205 82 6028 5 8 2 84 6 2 6 347 234 8 44 147 8 55 23 6 4523 3463 3572
205 82 6028 5 8 2 84 6 2 6 347 234 8 44 147 8 55 23 6 4523 3463 3572
205 82 6028 5 8 2 84 6 2 6 347 234 8 44 147 8 55 23 6 4523 3463 3572
205 82 6028 5 8 2 84 6 2 6 347 234 8 44 147 8 55 23 6 4523 3463 3572
205 82 6028 5 8 2 84 6 2 6 347 234 8 44 147 8 55 23 6 4523 3463 3572

